a=[2 3 4; 4 5 6;5 5 6];
b=3
c=3
c1=b+c